47.000000	0.081270	0.226395	
111.000000	2.391655	2.943129	
100.000000	3.523628	3.587483	
123.000000	3.604898	4.731066	
112.000000	4.812336	4.847166	
68.000000	5.514739	5.950113	
102.000000	5.950113	6.019773	
112.000000	6.019773	6.066213	
46.000000	6.902132	7.157551	
57.000000	7.157551	7.238821	
112.000000	7.238821	7.285261	
129.000000	8.364989	8.452063	
124.000000	8.452063	8.620408	
57.000000	9.293787	9.456327	
57.000000	9.456327	9.589841	
127.000000	9.589841	9.659501	
110.000000	9.659501	9.845261	
58.000000	10.187755	10.716009	
107.000000	10.716009	10.791474	
61.000000	10.791474	10.826304	
106.000000	10.826304	11.104943	
59.000000	11.122358	11.569342	
69.000000	11.569342	11.598367	
57.000000	11.737687	11.877007	
67.000000	12.004717	12.039546	
65.000000	12.039546	12.085986	
58.000000	12.474921	12.498141	
65.000000	12.637460	12.747755	
130.000000	13.293424	13.409524	
51.000000	13.543039	13.630113	
65.000000	14.001633	14.019048	
53.000000	14.146757	14.303492	
53.000000	14.309297	14.466032	
98.000000	14.466032	14.506667	
112.000000	14.506667	14.738866	
63.000000	14.762086	15.063946	
55.000000	15.063946	15.389025	
63.000000	15.528345	15.592200	
58.000000	15.644444	15.719909	
102.000000	15.719909	15.975329	
61.000000	15.975329	16.033379	
53.000000	16.033379	16.422313	
67.000000	16.422313	16.439728	
47.000000	16.579048	16.637098	
56.000000	16.729977	16.851882	
66.000000	16.851882	16.909932	
66.000000	16.909932	16.915737	
69.000000	17.420771	17.484626	
67.000000	17.484626	17.774875	
56.000000	17.774875	17.949025	
64.000000	17.949025	18.012880	
72.000000	18.082540	18.152200	
115.000000	18.152200	18.256689	
58.000000	18.256689	18.407619	
55.000000	18.692063	18.750113	
65.000000	18.854603	18.895238	
49.000000	18.999728	19.040363	
67.000000	19.313197	19.464127	
69.000000	19.464127	19.522177	
54.000000	19.742766	19.777596	
54.000000	21.455238	21.681633	
103.000000	21.699048	21.768707	
108.000000	22.070567	22.140227	
110.000000	22.140227	22.175057	
64.000000	22.175057	22.337596	
48.000000	22.337596	22.343401	
53.000000	22.465306	22.552381	
53.000000	22.697506	22.929705	
54.000000	22.929705	23.254785	
50.000000	23.341859	23.382494	
65.000000	23.382494	23.411519	
51.000000	23.498594	23.550839	
58.000000	23.550839	23.754014	
63.000000	23.852698	23.980408	
49.000000	23.980408	24.154558	
61.000000	24.154558	24.224218	
64.000000	24.224218	24.305488	
51.000000	24.305488	24.439002	
58.000000	24.439002	24.752472	
58.000000	24.752472	24.932426	
60.000000	24.932426	25.077551	
111.000000	25.077551	25.216871	
54.000000	25.286531	25.396825	
54.000000	25.396825	25.466485	
52.000000	25.466485	25.576780	
47.000000	25.576780	25.652245	
51.000000	25.652245	25.849615	
108.000000	25.977324	26.046984	
59.000000	26.046984	26.203719	
64.000000	26.203719	26.354649	
61.000000	26.354649	26.389478	
57.000000	26.389478	26.441723	
57.000000	26.441723	26.505578	
55.000000	26.505578	26.627483	
56.000000	26.627483	26.708753	
56.000000	26.708753	26.813243	
49.000000	26.813243	26.882902	
61.000000	26.882902	27.039637	
112.000000	27.039637	27.103492	
49.000000	27.103492	27.202177	
53.000000	27.202177	27.469206	
63.000000	27.469206	27.602721	
50.000000	27.718821	27.829116	
51.000000	27.829116	28.009070	
59.000000	28.009070	28.055510	
59.000000	28.055510	28.322540	
51.000000	28.322540	28.427029	
108.000000	28.427029	29.053968	
64.000000	29.053968	29.146848	
58.000000	29.146848	29.245533	
56.000000	29.245533	29.338413	
51.000000	29.338413	29.402268	
49.000000	29.599637	29.756372	
70.000000	30.214966	30.458776	
51.000000	30.505215	30.580680	
46.000000	30.661950	30.731610	
110.000000	30.981224	31.016054	
48.000000	31.114739	31.196009	
53.000000	31.422404	31.428209	
111.000000	31.712653	31.770703	
56.000000	31.770703	31.869388	
47.000000	32.020317	32.136417	
59.000000	32.409252	32.449887	
58.000000	32.490522	32.635646	
51.000000	32.635646	32.641451	
46.000000	32.931701	32.995556	
46.000000	33.088435	33.163900	
110.000000	33.401905	33.535420	
47.000000	33.535420	33.651519	
107.000000	33.703764	33.750204	
71.000000	33.854694	34.063673	
54.000000	34.063673	34.156553	
106.000000	34.156553	34.162358	
58.000000	34.313288	34.446803	
47.000000	34.446803	34.528073	
61.000000	34.760272	34.847347	
47.000000	34.922812	35.062132	
70.000000	35.067937	35.253696	
57.000000	35.253696	35.358186	
47.000000	35.358186	35.398821	
46.000000	35.509116	35.572971	
46.000000	35.961905	36.043175	
70.000000	36.275374	36.408889	
65.000000	36.408889	36.432109	
54.000000	36.577234	36.733968	
53.000000	36.739773	36.873288	
46.000000	36.873288	36.942948	
109.000000	37.186757	37.320272	
107.000000	37.343492	37.482812	
71.000000	37.488617	37.778866	
46.000000	37.778866	37.871746	
46.000000	37.929796	38.005261	
47.000000	38.382585	38.469660	
56.000000	38.556735	38.690249	
70.000000	38.701859	38.852789	
55.000000	38.852789	38.881814	
48.000000	38.997914	39.154649	
109.000000	39.154649	39.166259	
46.000000	39.293968	39.381043	
71.000000	39.903492	39.909297	
101.000000	40.048617	40.205351	
47.000000	40.205351	40.286621	
47.000000	40.350476	40.437551	
108.000000	40.663946	40.762630	
113.000000	40.762630	40.809070	
47.000000	40.809070	40.901950	
65.000000	40.965805	40.977415	
69.000000	41.122540	41.424399	
54.000000	41.424399	41.436009	
104.000000	41.528889	41.639184	
47.000000	41.720454	41.801723	
51.000000	42.179048	42.184853	
68.000000	42.329977	42.353197	
116.000000	42.544762	42.626032	
47.000000	42.626032	42.701497	
48.000000	42.782766	42.852426	
64.000000	42.945306	43.084626	
46.000000	43.235556	43.299410	
62.000000	43.398095	43.543220	
71.000000	43.543220	43.578050	
55.000000	43.833469	43.990204	
64.000000	44.007619	44.094694	
55.000000	44.611338	44.756463	
71.000000	44.756463	44.768073	
46.000000	45.052517	45.116372	
47.000000	45.203447	45.278912	
61.000000	45.371791	45.424036	
61.000000	45.511111	45.656236	
47.000000	45.656236	45.749116	
66.000000	45.824580	45.963900	
71.000000	45.963900	45.975510	
54.000000	46.254150	46.288980	
51.000000	46.288980	46.341224	
113.000000	46.341224	46.393469	
114.000000	46.393469	46.468934	
114.000000	46.503764	46.567619	
46.000000	46.875283	46.956553	
108.000000	47.020408	47.177143	
47.000000	47.177143	47.240998	
108.000000	47.328073	47.380317	
64.000000	47.629932	47.693787	
47.000000	47.775057	47.873741	
48.000000	48.233651	48.291701	
46.000000	48.843175	48.895420	
111.000000	50.723991	51.211610	
103.000000	51.345125	51.420590	
50.000000	51.420590	51.565714	
58.000000	52.024308	52.041723	
110.000000	52.610612	52.790567	
106.000000	52.790567	52.813787	
114.000000	52.935692	52.976327	
111.000000	53.098231	53.237551	
57.000000	53.237551	53.260771	
113.000000	53.551020	53.701950	
113.000000	53.701950	53.841270	
50.000000	53.841270	53.998005	
113.000000	54.148934	54.189569	
113.000000	54.299864	54.450794	
56.000000	54.450794	54.497234	
110.000000	54.764263	54.903583	
81.000000	54.903583	55.054512	
48.000000	55.054512	55.211247	
112.000000	55.362177	55.367982	
50.000000	55.507302	55.664036	
57.000000	55.664036	55.751111	
48.000000	56.267755	56.424490	
113.000000	56.575420	56.581224	
110.000000	56.720544	56.871474	
58.000000	56.871474	56.900499	
114.000000	57.179138	57.242993	
77.000000	57.330068	57.335873	
50.000000	57.475193	57.631927	
58.000000	57.794467	57.817687	
113.000000	57.945397	57.980227	
56.000000	58.090522	58.154376	
113.000000	58.398186	58.549116	
109.000000	58.549116	58.688435	
50.000000	58.688435	58.850975	
102.000000	58.990295	59.147029	
109.000000	59.147029	59.297959	
58.000000	59.297959	59.356009	
110.000000	59.611429	59.756553	
109.000000	59.756553	59.901678	
48.000000	59.901678	60.058413	
115.000000	60.209342	60.354467	
50.000000	60.354467	60.511202	
58.000000	60.511202	60.546032	
111.000000	60.981406	61.114921	
46.000000	61.114921	61.289070	
58.000000	61.718639	61.730249	
110.000000	62.183039	62.328163	
46.000000	62.328163	62.490703	
114.000000	62.647438	62.693878	
112.000000	62.769342	62.821587	
112.000000	62.821587	62.937687	
57.000000	62.937687	62.955102	
115.000000	63.344036	63.535601	
48.000000	63.535601	63.709751	
114.000000	63.860680	63.982585	
57.000000	64.145125	64.156735	
104.000000	64.458594	64.563084	
50.000000	64.748844	64.911383	
49.000000	65.207438	65.358367	
58.000000	65.358367	65.393197	
95.000000	65.666032	65.822766	
114.000000	65.822766	65.962086	
49.000000	65.962086	66.118821	
107.000000	66.118821	66.124626	
93.000000	66.281361	66.426485	
75.000000	66.426485	66.571610	
59.000000	66.571610	66.618050	
75.000000	66.879274	67.024399	
103.000000	67.024399	67.175329	
50.000000	67.175329	67.326259	
59.000000	67.784853	67.837098	
57.000000	68.080907	68.243447	
58.000000	68.243447	68.289887	
50.000000	68.388571	68.551111	
88.000000	68.951655	69.061950	
76.000000	69.061950	69.154830	
67.000000	70.257778	70.455147	
66.000000	70.455147	70.739592	
126.000000	70.739592	70.786032	
56.000000	73.229932	73.305397	
46.000000	74.298050	74.466395	
108.000000	74.994649	75.058503	
58.000000	75.058503	75.157188	
46.000000	75.662222	75.813152	
46.000000	76.155646	76.202086	
57.000000	76.265941	76.358821	
112.000000	77.409524	77.479184	
56.000000	77.479184	77.496599	
49.000000	77.781043	77.931973	
50.000000	77.931973	78.082902	
48.000000	78.082902	78.245442	
85.000000	78.384762	78.390567	
109.000000	78.448617	78.692426	
57.000000	78.692426	78.744671	
50.000000	78.988481	79.145215	
49.000000	79.145215	79.296145	
104.000000	79.714104	79.783764	
104.000000	79.783764	79.836009	
129.000000	79.836009	79.905669	
56.000000	79.905669	79.992744	
62.000000	80.062404	80.103039	
47.000000	80.213333	80.242358	
48.000000	80.364263	80.393288	
47.000000	80.503583	80.579048	
70.000000	81.124717	81.275646	
46.000000	81.414966	81.490431	
109.000000	81.699410	81.740045	
46.000000	82.018685	82.140590	
67.000000	82.332154	82.337959	
50.000000	82.483084	82.494694	
51.000000	82.587574	82.634014	
50.000000	82.634014	82.732698	
105.000000	82.790748	82.930068	
46.000000	82.930068	83.011338	
74.000000	83.400272	83.429297	
70.000000	83.545397	83.551202	
46.000000	83.841451	83.922721	
46.000000	84.445170	84.520635	
69.000000	84.758639	84.764444	
98.000000	85.054694	85.112744	
54.000000	85.217234	85.269478	
46.000000	85.356553	85.437823	
108.000000	85.658413	85.728073	
68.000000	85.977687	86.262132	
46.000000	86.262132	86.355011	
46.000000	86.413061	86.517551	
46.000000	86.871655	86.952925	
110.000000	87.185125	87.330249	
51.000000	87.330249	87.423129	
52.000000	87.475374	87.486984	
110.000000	87.643719	87.777234	
46.000000	87.777234	87.881723	
55.000000	87.939773	88.084898	
107.000000	88.084898	88.090703	
102.000000	88.241633	88.392562	
66.000000	88.392562	88.404172	
46.000000	88.543492	88.572517	
46.000000	88.839546	88.920816	
46.000000	89.013696	89.147211	
65.000000	89.147211	89.158821	
68.000000	89.611610	89.756735	
49.000000	89.756735	89.774150	
66.000000	89.890249	89.925079	
56.000000	90.058594	90.064399	
64.000000	90.511383	90.575238	
64.000000	90.668118	90.819048	
59.000000	90.819048	90.824853	
46.000000	91.266032	91.335692	
65.000000	91.573696	91.666576	
108.000000	91.898776	92.032290	
68.000000	92.032290	92.038095	
53.000000	92.194830	92.218050	
55.000000	92.345760	92.357370	
105.000000	92.496689	92.502494	
56.000000	92.786939	92.856599	
55.000000	92.949478	92.978503	
65.000000	93.082993	93.129433	
67.000000	93.245533	93.251338	
52.000000	94.000181	94.035011	
53.000000	94.302041	94.325261	
68.000000	94.458776	94.725805	
52.000000	94.725805	94.905760	
51.000000	94.905760	94.917370	
52.000000	95.050884	95.126349	
55.000000	95.230839	95.294694	
68.000000	95.672018	95.834558	
50.000000	95.840363	95.962268	
57.000000	96.264127	96.287347	
56.000000	96.304762	96.351202	
103.000000	96.368617	96.438277	
46.000000	96.565986	96.641451	
57.000000	96.722721	96.879456	
70.000000	96.879456	96.885261	
52.000000	97.030385	97.036190	
48.000000	97.181315	97.326440	
53.000000	97.332245	97.477370	
51.000000	97.477370	97.552834	
52.000000	97.779229	97.785034	
47.000000	97.935964	97.964989	
66.000000	98.092698	98.098503	
48.000000	98.237823	98.255238	
54.000000	98.690612	98.748662	
51.000000	98.847347	98.992472	
46.000000	98.992472	99.073741	
54.000000	99.149206	99.300136	
67.000000	99.311746	99.456871	
54.000000	99.456871	99.462676	
69.000000	99.613605	99.758730	
107.000000	99.758730	99.781950	
60.000000	99.863220	100.374059	
46.000000	101.111293	101.192562	
46.000000	102.324535	102.405805	
46.000000	103.537778	103.619048	
49.000000	104.449161	104.489796	
46.000000	104.751020	104.768435	
50.000000	105.668209	105.761088	
47.000000	105.958458	106.062948	
46.000000	106.846621	106.916281	
52.000000	107.171701	107.247166	
51.000000	107.299410	107.374875	
46.000000	107.653515	107.758005	
46.000000	108.083084	108.164354	
46.000000	108.390748	108.477823	
46.000000	108.535873	108.686803	
51.000000	108.686803	108.837732	
46.000000	108.988662	109.145397	
46.000000	109.145397	109.296327	
46.000000	109.749116	109.900045	
46.000000	109.900045	110.045170	
53.000000	110.352834	110.579229	
111.000000	111.159728	111.374512	
92.000000	111.409342	111.717007	
98.000000	111.844717	111.879546	
99.000000	111.879546	112.024671	
47.000000	112.024671	112.198821	
59.000000	112.634195	112.785125	
113.000000	112.947664	113.232109	
50.000000	113.232109	113.423673	
58.000000	113.841633	113.864853	
114.000000	114.300227	114.445351	
49.000000	114.445351	114.607891	
112.000000	114.758821	114.903946	
58.000000	115.054875	115.078095	
110.000000	115.362540	115.658594	
111.000000	115.966259	116.111383	
49.000000	116.111383	116.268118	
58.000000	116.268118	116.378413	
48.000000	116.871837	117.034376	
114.000000	117.179501	117.202721	
111.000000	117.318821	117.411701	
111.000000	117.411701	117.475556	
59.000000	117.475556	117.481361	
48.000000	118.079274	118.247619	
114.000000	118.404354	118.520454	
56.000000	118.694603	118.746848	
59.000000	119.002268	119.153197	
59.000000	119.153197	119.292517	
48.000000	119.292517	119.431837	
91.000000	119.588571	119.756916	
60.000000	119.756916	119.814966	
58.000000	119.907846	120.366440	
98.000000	120.366440	120.418685	
47.000000	120.505760	120.645079	
123.000000	120.819229	120.888889	
47.000000	120.964354	121.115283	
57.000000	121.115283	121.138503	
57.000000	121.660952	121.719002	
46.000000	121.719002	121.910567	
57.000000	122.328526	122.351746	
111.000000	122.787120	122.839365	
51.000000	122.932245	123.083175	
113.000000	123.228299	123.297959	
111.000000	123.460499	123.541769	
59.000000	123.541769	123.576599	
113.000000	123.843628	123.988753	
112.000000	123.988753	124.052608	
114.000000	124.290612	124.296417	
115.000000	124.458957	124.534422	
59.000000	124.755011	125.219410	
59.000000	125.219410	125.358730	
114.000000	125.672200	125.683810	
48.000000	125.811519	125.962449	
58.000000	125.968254	126.275918	
66.000000	126.275918	126.438458	
115.000000	126.734512	126.873832	
113.000000	126.885442	127.030567	
114.000000	127.030567	127.059592	
59.000000	127.181497	127.779410	
47.000000	127.779410	127.941950	
115.000000	127.959365	128.092880	
115.000000	128.092880	128.197370	
104.000000	128.319274	128.388934	
51.000000	128.388934	128.446984	
115.000000	128.696599	128.876553	
47.000000	128.992653	129.068118	
128.000000	129.369977	129.422222	
99.000000	129.549932	129.619592	
47.000000	130.780590	130.838639	
57.000000	130.838639	131.413333	
47.000000	131.413333	131.570068	
47.000000	131.570068	131.668753	
60.000000	132.022857	132.057687	
66.000000	132.771701	132.951655	
58.000000	132.951655	133.050340	
54.000000	133.050340	133.236100	
57.000000	133.236100	133.270930	
52.000000	133.839819	133.996553	
48.000000	133.996553	134.095238	
57.000000	134.443537	134.484172	
52.000000	135.354921	135.494240	
59.000000	135.656780	135.691610	
46.000000	135.807710	135.976054	
49.000000	136.266304	136.417234	
58.000000	136.875828	136.945488	
59.000000	137.485351	137.758186	
109.000000	137.874286	138.083265	
59.000000	138.083265	138.118095	
59.000000	138.547664	138.570884	
47.000000	138.692789	138.721814	
58.000000	139.267483	139.911837	
48.000000	140.202086	140.306576	
110.000000	140.364626	140.382041	
58.000000	140.509751	140.532971	
48.000000	140.660680	140.817415	
59.000000	140.974150	141.113469	
48.000000	141.113469	141.264399	
49.000000	141.264399	141.270204	
58.000000	141.722993	141.798458	
109.000000	142.030658	142.181587	
111.000000	142.181587	142.332517	
113.000000	142.332517	142.407982	
109.000000	142.407982	142.936236	
58.000000	142.936236	142.971066	
91.000000	143.313560	143.394830	
109.000000	143.394830	143.464490	
113.000000	143.464490	143.539955	
48.000000	143.539955	143.690884	
49.000000	143.690884	143.847619	
109.000000	143.847619	143.865034	
110.000000	143.998549	144.062404	
57.000000	144.149478	144.190113	
109.000000	144.608073	144.753197	
94.000000	144.753197	144.904127	
110.000000	144.904127	145.055057	
48.000000	145.055057	145.211791	
59.000000	145.362721	145.507846	
48.000000	145.507846	145.664580	
108.000000	145.664580	145.687800	
109.000000	145.815510	145.960635	
48.000000	145.960635	146.047710	
76.000000	146.349569	146.425034	
59.000000	146.570159	146.604989	
109.000000	146.877823	147.028753	
109.000000	147.028753	147.179683	
62.000000	147.179683	147.330612	
111.000000	147.330612	147.626667	
109.000000	147.626667	147.783401	
46.000000	147.783401	147.940136	
71.000000	148.166531	148.241995	
108.000000	148.241995	148.317460	
111.000000	148.317460	148.387120	
106.000000	148.845714	148.996644	
60.000000	149.606168	149.664218	
54.000000	149.664218	149.757098	
60.000000	149.757098	149.809342	
49.000000	149.902222	150.053152	
58.000000	150.204082	150.227302	
53.000000	150.662676	150.697506	
109.000000	152.642177	153.245896	
59.000000	153.245896	153.547755	
102.000000	153.547755	153.704490	
101.000000	153.704490	153.832200	
109.000000	153.849615	154.157279	
100.000000	154.157279	155.057052	
108.000000	155.057052	155.068662	
108.000000	156.171610	156.206440	
107.000000	156.206440	156.264490	
109.000000	156.276100	157.187483	
111.000000	157.483537	157.657687	
54.000000	158.087256	158.400726	
47.000000	158.400726	158.441361	
49.000000	158.441361	158.551655	
54.000000	158.551655	158.574875	
93.000000	158.696780	158.720000	
54.000000	159.033469	159.178594	
53.000000	159.306304	159.317914	
55.000000	159.457234	159.613968	
53.000000	159.613968	159.625578	
55.000000	159.770703	159.904218	
109.000000	159.904218	160.368617	
52.000000	160.374422	160.507937	
48.000000	160.507937	160.571791	
70.000000	161.117460	161.134875	
47.000000	161.430930	161.436735	
52.000000	161.726984	161.756009	
49.000000	161.883719	161.912744	
56.000000	162.028844	162.115918	
54.000000	162.179773	162.330703	
48.000000	162.330703	162.365533	
55.000000	162.638367	162.789297	
48.000000	162.789297	162.841542	
47.000000	162.940227	162.951837	
46.000000	163.398821	163.543946	
69.000000	163.543946	163.572971	
53.000000	163.700680	163.747120	
56.000000	163.851610	163.892245	
54.000000	164.147664	164.310204	
52.000000	164.310204	164.350839	
50.000000	164.455329	164.600454	
47.000000	164.757188	164.780408	
46.000000	164.908118	165.000998	
55.000000	165.059048	165.070658	
52.000000	165.215782	165.273832	
46.000000	165.360907	165.511837	
56.000000	165.836916	165.964626	
51.000000	165.964626	166.045896	
57.000000	166.278095	166.336145	
57.000000	166.423220	166.574150	
55.000000	166.574150	166.672834	
52.000000	166.730884	166.771519	
53.000000	166.887619	166.916644	
55.000000	167.038549	167.183673	
53.000000	167.183673	167.195283	
56.000000	167.328798	167.410068	
52.000000	167.485533	167.543583	
51.000000	167.648073	167.793197	
49.000000	167.793197	167.816417	
53.000000	167.938322	167.967347	
47.000000	168.251791	168.391111	
51.000000	168.542041	168.629116	
58.000000	168.698776	168.751020	
54.000000	168.843900	168.919365	
76.000000	169.000635	169.151565	
56.000000	169.151565	169.198005	
58.000000	169.296689	169.354739	
50.000000	169.453424	169.505669	
60.000000	169.604354	169.639184	
56.000000	169.755283	169.807528	
56.000000	170.057143	170.062948	
110.000000	170.800181	171.038186	
111.000000	171.055601	171.252971	
48.000000	171.415510	171.467755	
57.000000	172.025034	172.326893	
111.000000	172.326893	172.489433	
113.000000	172.489433	172.605533	
115.000000	173.098957	173.238277	
57.000000	173.238277	173.319546	
51.000000	173.841995	174.004535	
113.000000	174.155465	174.306395	
112.000000	174.306395	174.451519	
58.000000	174.451519	174.503764	
112.000000	174.753379	174.904308	
113.000000	174.904308	175.055238	
50.000000	175.055238	175.206168	
114.000000	175.362902	175.415147	
112.000000	175.966621	176.158186	
48.000000	176.268481	176.401995	
115.000000	176.587755	176.860590	
58.000000	176.878005	176.918639	
57.000000	176.918639	177.052154	
114.000000	177.185669	177.330794	
47.000000	177.481723	177.545578	
116.000000	177.806803	177.957732	
57.000000	178.091247	178.398912	
113.000000	178.398912	178.544036	
113.000000	178.544036	178.689161	
49.000000	178.689161	178.816871	
113.000000	178.816871	178.840091	
112.000000	179.147755	179.205805	
58.000000	179.298685	179.333515	
114.000000	179.617959	179.832744	
113.000000	179.832744	179.902404	
52.000000	179.902404	179.983673	
113.000000	180.163628	180.215873	
114.000000	180.215873	180.291338	
113.000000	180.291338	180.355193	
47.000000	180.355193	180.511927	
59.000000	180.511927	180.546757	
57.000000	180.819592	180.837007	
50.000000	181.115646	181.295601	
58.000000	181.725170	182.189569	
112.000000	182.189569	182.328889	
49.000000	182.328889	182.508844	
59.000000	182.932608	182.990658	
112.000000	183.304127	183.437642	
114.000000	183.437642	183.542132	
53.000000	183.542132	183.698866	
53.000000	183.838186	183.873016	
112.000000	183.873016	184.145850	
60.000000	184.145850	184.215510	
114.000000	184.453515	184.662494	
51.000000	184.749569	184.917914	
114.000000	184.917914	184.941134	
107.000000	185.034014	185.202358	
54.000000	185.202358	185.359093	
59.000000	185.359093	185.417143	
111.000000	185.660952	185.765442	
114.000000	185.840907	185.962812	
51.000000	185.962812	186.131156	
114.000000	186.282086	186.293696	
128.000000	186.433016	186.444626	
59.000000	186.572336	186.647800	
114.000000	186.885805	187.059955	
53.000000	187.176054	187.338594	
115.000000	187.489524	187.634649	
124.000000	187.640454	187.785578	
56.000000	187.785578	187.849433	
52.000000	188.087438	188.128073	
56.000000	188.244172	188.395102	
48.000000	188.395102	188.691156	
57.000000	189.561905	190.008889	
67.000000	190.008889	190.061134	
131.000000	190.061134	190.165624	
104.000000	190.165624	190.670658	
70.000000	190.670658	190.734512	
73.000000	190.734512	190.809977	
55.000000	190.809977	191.117642	
104.000000	192.452789	192.632744	
59.000000	192.632744	192.667574	
51.000000	192.934603	192.975238	
55.000000	193.091338	193.131973	
51.000000	193.236463	193.526712	
60.000000	193.845986	193.892426	
55.000000	194.147846	194.281361	
113.000000	194.455510	194.472925	
53.000000	194.751565	194.902494	
59.000000	195.059229	195.117279	
50.000000	195.662948	195.674558	
54.000000	195.964807	196.127347	
60.000000	196.272472	196.318912	
115.000000	196.881995	196.911020	
58.000000	197.485714	197.526349	
48.000000	198.089433	198.222948	
60.000000	198.693152	198.745397	
72.000000	199.302676	199.320091	
59.000000	199.906395	199.952834	
61.000000	200.359184	200.428844	
52.000000	200.510113	200.811973	
58.000000	201.119637	201.177687	
108.000000	201.421497	201.578231	
112.000000	201.578231	201.729161	
114.000000	201.729161	201.804626	
109.000000	201.804626	201.874286	
114.000000	201.874286	201.955556	
107.000000	201.955556	202.031020	
114.000000	202.031020	202.106485	
115.000000	202.106485	202.181950	
114.000000	202.181950	202.257415	
86.000000	202.257415	202.327075	
60.000000	202.327075	202.402540	
110.000000	202.634739	202.710204	
109.000000	202.710204	202.785669	
95.000000	202.785669	202.861134	
81.000000	202.861134	202.936599	
48.000000	202.936599	203.081723	
51.000000	203.081723	203.250068	
60.000000	203.540317	203.604172	
113.000000	203.998912	204.149841	
54.000000	204.445896	204.596825	
59.000000	204.753560	204.794195	
104.000000	205.223764	205.363084	
48.000000	205.363084	205.514014	
114.000000	205.514014	205.531429	
109.000000	205.664943	205.740408	
109.000000	205.740408	205.821678	
115.000000	205.821678	205.891338	
114.000000	205.891338	205.966803	
60.000000	205.966803	206.030658	
112.000000	206.274467	206.419592	
115.000000	206.419592	206.576327	
115.000000	206.576327	206.645986	
114.000000	206.645986	206.727256	
110.000000	206.727256	206.802721	
108.000000	206.802721	206.878186	
111.000000	206.878186	206.953651	
116.000000	206.953651	207.029116	
115.000000	207.029116	207.104580	
115.000000	207.104580	207.180045	
60.000000	207.180045	207.209070	
65.000000	207.476100	207.557370	
115.000000	207.557370	207.632834	
116.000000	207.632834	207.708299	
115.000000	207.708299	207.783764	
51.000000	207.783764	207.795374	
115.000000	208.091429	208.259773	
111.000000	208.259773	208.393288	
51.000000	208.393288	208.439728	
54.000000	208.689342	208.857687	
113.000000	208.950567	208.985397	
109.000000	209.147937	209.211791	
53.000000	209.298866	209.310476	
57.000000	209.594921	209.681995	
55.000000	209.751655	209.908390	
115.000000	209.908390	209.931610	
108.000000	210.134785	210.448254	
