0.035782	
0.055011	
0.176916	
0.224104	
0.451179	
1.060204	
1.129161	
2.258526	
2.340068	
2.896984	
3.475329	
3.552041	
4.682971	
4.761973	
5.899546	
5.973152	
6.854376	
7.107166	
7.190680	
8.317506	
8.405125	
9.077710	
9.245556	
9.408231	
9.544331	
9.614490	
10.141111	
10.166281	
10.668435	
10.744467	
10.778163	
11.071111	
11.522517	
11.686735	
11.957302	
11.993923	
12.039841	
12.425442	
12.581043	
12.702676	
13.045057	
13.176757	
13.190136	
13.245329	
13.361383	
13.492268	
13.955193	
14.098866	
14.256780	
14.417347	
14.459070	
14.708957	
15.018571	
15.479342	
15.595782	
15.674671	
15.928639	
15.983288	
16.374104	
16.532789	
16.678390	
16.803333	
16.830227	
16.864853	
16.888277	
17.372381	
17.437460	
17.726871	
17.900204	
18.034626	
18.103583	
18.210907	
18.356961	
18.644490	
18.806190	
18.949887	
19.258571	
19.414014	
19.557007	
19.695397	
19.713787	
20.145805	
20.163061	
20.239138	
20.505692	
20.571973	
20.738027	
20.938549	
20.999819	
21.100930	
21.166463	
21.406553	
21.428866	
21.644036	
21.736893	
21.993560	
22.025079	
22.090091	
22.124036	
22.286825	
22.419569	
22.505147	
22.646508	
22.880975	
23.229206	
23.294059	
23.316712	
23.335442	
23.452721	
23.502063	
23.706213	
23.803152	
23.929887	
24.178707	
24.707143	
24.884082	
25.030726	
25.169592	
25.238571	
25.350363	
25.420317	
25.447279	
25.530612	
25.930000	
26.306417	
26.391179	
26.455533	
26.850635	
27.055125	
27.567460	
27.668844	
27.697959	
27.781882	
27.811655	
28.008594	
29.006417	
29.029796	
29.098458	
29.196689	
29.287483	
29.317347	
29.354218	
29.550000	
29.803515	
29.829864	
30.162766	
30.411678	
30.459615	
30.611905	
30.782653	
30.931270	
31.064739	
31.372177	
31.664898	
31.721451	
31.824422	
31.974717	
32.358889	
32.404263	
32.435442	
32.585102	
32.882608	
33.037755	
33.194966	
33.345737	
33.489206	
33.647642	
33.667075	
33.702154	
33.798753	
34.016304	
34.106349	
34.265079	
34.398095	
34.642880	
34.710907	
34.869819	
35.011746	
35.206236	
35.307846	
35.350363	
35.460045	
35.609841	
35.763787	
35.913900	
36.220023	
36.361224	
36.531859	
36.653923	
36.685170	
36.822200	
37.132698	
37.288254	
37.432313	
37.729592	
37.883991	
38.041633	
38.189297	
38.336644	
38.500068	
38.646236	
38.803696	
38.942585	
39.104399	
39.243764	
39.858027	
40.002154	
40.156349	
40.304603	
40.471814	
40.609909	
40.714467	
40.763311	
40.920204	
41.069161	
41.375170	
41.481088	
41.502880	
41.590454	
41.672381	
42.130363	
42.280272	
42.498571	
42.581043	
42.732222	
42.889138	
43.038299	
43.185669	
43.342109	
43.442948	
43.494014	
43.784444	
43.951247	
44.047823	
44.096576	
44.557256	
44.707166	
45.004218	
45.154308	
45.323968	
45.457438	
45.610567	
45.768345	
45.918866	
46.208912	
46.238844	
46.292381	
46.345125	
46.454263	
46.518005	
46.824830	
46.972925	
47.127302	
47.280045	
47.422948	
47.580045	
47.727392	
48.183084	
48.321293	
48.340658	
48.794671	
49.549637	
49.811633	
50.472290	
50.615896	
50.640476	
50.678231	
50.708186	
51.166259	
51.297098	
51.324059	
51.369478	
51.975397	
52.565147	
52.579955	
52.742154	
52.886667	
53.052971	
53.070862	
53.187710	
53.500499	
53.655941	
53.791791	
53.951383	
54.101247	
54.250000	
54.400658	
54.713605	
54.854535	
55.004422	
55.163107	
55.313741	
55.458413	
55.612993	
56.216395	
56.377234	
56.527029	
56.674308	
56.822517	
57.129819	
57.284172	
57.429320	
57.585329	
57.743515	
57.899773	
58.039909	
58.348254	
58.503129	
58.641088	
58.801383	
58.944444	
59.096848	
59.247596	
59.561633	
59.708186	
59.851995	
60.011814	
60.160272	
60.307642	
60.461202	
60.934830	
61.065102	
61.673039	
62.132132	
62.277120	
62.443288	
62.597279	
62.723265	
62.773356	
62.887098	
63.296644	
63.311111	
63.489161	
63.810726	
64.097664	
64.411859	
64.698730	
64.860658	
65.010181	
65.156395	
65.309206	
65.617642	
65.774286	
65.911814	
66.073265	
66.231678	
66.378639	
66.520590	
66.831406	
66.978231	
67.124580	
67.277732	
67.443220	
67.586576	
67.734467	
68.028798	
68.195442	
68.338095	
68.862132	
68.901519	
69.015896	
69.107846	
69.176576	
69.223469	
69.475782	
70.406485	
70.692517	
71.565397	
73.184127	
73.257052	
73.574694	
73.639705	
73.688073	
73.769637	
73.795034	
74.095556	
74.247188	
74.946281	
75.008503	
75.611361	
75.998231	
76.106259	
76.153900	
76.218912	
77.360612	
77.430522	
77.731043	
77.882132	
78.034308	
78.196077	
78.336871	
78.400590	
78.642517	
78.943288	
79.094444	
79.612494	
79.666916	
79.733311	
79.790249	
79.855397	
80.014739	
80.162948	
80.317778	
80.455329	
80.611791	
80.773583	
81.071066	
81.225805	
81.314467	
81.366463	
81.521406	
81.653311	
81.971497	
82.122540	
82.281995	
82.435533	
82.541927	
82.583900	
82.684059	
82.735556	
82.757370	
82.883265	
83.297823	
83.351179	
83.494943	
83.793719	
83.946916	
84.098594	
84.315760	
84.397642	
84.708481	
84.855351	
84.968503	
85.003810	
85.067687	
85.167506	
85.306939	
85.612585	
85.739592	
85.793855	
85.921542	
86.215986	
86.367574	
86.543379	
86.820816	
86.975669	
86.996576	
87.128163	
87.280340	
87.376735	
87.428662	
87.589909	
87.731542	
87.883787	
88.038571	
88.193311	
88.342336	
88.498254	
88.612653	
88.637937	
88.708209	
88.791519	
88.957098	
89.101224	
89.247052	
89.399388	
89.559138	
89.706531	
89.840476	
90.007596	
90.027596	
90.156667	
90.311338	
90.462812	
90.613832	
90.629365	
90.770000	
91.064853	
91.217279	
91.369660	
91.527415	
91.618299	
91.671134	
91.844263	
91.983039	
92.147574	
92.297438	
92.448934	
92.580000	
92.738345	
92.900045	
93.036508	
93.195601	
93.490476	
93.641791	
93.793764	
93.950816	
94.095102	
94.254649	
94.408299	
94.554943	
94.678027	
94.705125	
94.854853	
95.001338	
95.180771	
95.316712	
95.621338	
95.784082	
95.912676	
96.066259	
96.218571	
96.250045	
96.316667	
96.392426	
96.519841	
96.675420	
96.830091	
96.980227	
97.129955	
97.278481	
97.426440	
97.505669	
97.589683	
97.733061	
97.885102	
98.044308	
98.190862	
98.338027	
98.488776	
98.643878	
98.660363	
98.795351	
98.941655	
99.099048	
99.257460	
99.408209	
99.558730	
99.709773	
99.815828	
100.323900	
100.927098	
101.005102	
101.062154	
101.217098	
101.370408	
101.675737	
101.940522	
101.979274	
102.013696	
102.085420	
102.206689	
102.230930	
102.275578	
102.377392	
102.582812	
102.763311	
102.863129	
102.926417	
103.055828	
103.492222	
103.644512	
103.795329	
104.098934	
104.400544	
104.554127	
104.700000	
104.816372	
105.007188	
105.253787	
105.300317	
105.420590	
105.613061	
105.733719	
105.771701	
105.799365	
105.912766	
106.013039	
106.067506	
106.216599	
106.385079	
106.523946	
106.800091	
106.827619	
107.125057	
107.248707	
107.430227	
107.604626	
107.709229	
107.728980	
107.888322	
107.978549	
108.034331	
108.340000	
108.486395	
108.640159	
108.790204	
108.940590	
109.097596	
109.247302	
109.395918	
109.700317	
109.851814	
109.996485	
110.151406	
110.303719	
111.113878	
111.129637	
111.360068	
111.797415	
111.830476	
111.974422	
112.583719	
112.899751	
113.182653	
113.390249	
113.793311	
114.254150	
114.398254	
114.556939	
114.710091	
115.005238	
115.315624	
115.610136	
115.774649	
115.920839	
116.064921	
116.217710	
116.820907	
117.131927	
117.271927	
117.362676	
117.428866	
117.744127	
118.032971	
118.199229	
118.357392	
118.472948	
118.496871	
118.644059	
118.952132	
119.103333	
119.246893	
119.542449	
119.706848	
119.852653	
120.316553	
120.459569	
120.771406	
120.913220	
121.065306	
121.614580	
121.673628	
122.278141	
122.737415	
122.882404	
123.037982	
123.181723	
123.358866	
123.412358	
123.491406	
123.796395	
123.938844	
124.094331	
124.240295	
124.410930	
124.703107	
125.170317	
125.307596	
125.469728	
125.621406	
125.761723	
125.913447	
126.230499	
126.520975	
126.679819	
126.831837	
126.983741	
127.124535	
127.731179	
127.904875	
128.044785	
128.272245	
128.338254	
128.648617	
128.943197	
129.019048	
129.200476	
129.322222	
129.499796	
129.835760	
130.120816	
130.787732	
131.367234	
131.519433	
131.977279	
132.723696	
132.901020	
133.002222	
133.184966	
133.794308	
133.945805	
134.397959	
135.308912	
135.610816	
135.759388	
136.217551	
136.824558	
137.437279	
137.707642	
137.825261	
138.036122	
138.500363	
138.642698	
139.221655	
139.251429	
139.861429	
140.108934	
140.156440	
140.314014	
140.460385	
140.609864	
140.770522	
140.924966	
141.066440	
141.216281	
141.673288	
141.983673	
142.131882	
142.283152	
142.358980	
142.885420	
143.194376	
143.264943	
143.345351	
143.418231	
143.489660	
143.641202	
143.799002	
143.949796	
144.098549	
144.407846	
144.557438	
144.707098	
144.853628	
145.005465	
145.161542	
145.307052	
145.459478	
145.616417	
145.767823	
145.915034	
145.999637	
146.139048	
146.222880	
146.299796	
146.374263	
146.449229	
146.519229	
146.829478	
146.979932	
147.131859	
147.284717	
147.577868	
147.733265	
148.116961	
148.193311	
148.266735	
148.339887	
148.797687	
148.946168	
149.248277	
149.332517	
149.404059	
149.479138	
149.557415	
149.613832	
149.711020	
149.853016	
150.157007	
150.307982	
150.613016	
151.366825	
151.427098	
152.586009	
153.197596	
153.499864	
153.798322	
154.106780	
155.008141	
156.125805	
156.158776	
156.221542	
157.433719	
158.351655	
158.395238	
158.501927	
158.646281	
158.985918	
159.259728	
159.402177	
159.564399	
159.714739	
159.858980	
160.320000	
160.461769	
160.802290	
160.928231	
161.068957	
161.380000	
161.679955	
161.835057	
161.978821	
162.133810	
162.281066	
162.587732	
162.742540	
162.891179	
163.189592	
163.349955	
163.493175	
163.653855	
163.803379	
164.102336	
164.259365	
164.406259	
164.554308	
164.708889	
164.859501	
165.012449	
165.169569	
165.182358	
165.312132	
165.464649	
165.780998	
165.917120	
166.228481	
166.372630	
166.523900	
166.684399	
166.839705	
166.982041	
167.133288	
167.282086	
167.436689	
167.594603	
167.742426	
167.888594	
168.034694	
168.198707	
168.341655	
168.491837	
168.648980	
168.793288	
168.950317	
169.101995	
169.250544	
169.407166	
169.557120	
169.705828	
169.859138	
170.007846	
170.448549	
170.659138	
170.704717	
170.750136	
171.004172	
171.206054	
171.369841	
171.421587	
171.972948	
172.279093	
172.441837	
172.559161	
172.581655	
173.051361	
173.187664	
173.793469	
174.106440	
174.256032	
174.400952	
174.708186	
174.855397	
175.006054	
175.316463	
175.459683	
175.585828	
175.611769	
175.917483	
176.218186	
176.531837	
176.824898	
176.868503	
177.138163	
177.430363	
177.497551	
177.760000	
178.038889	
178.348345	
178.496304	
178.641565	
178.769887	
178.785510	
179.098345	
179.248980	
179.571020	
179.786236	
179.856372	
179.938481	
180.013946	
180.117370	
180.168481	
180.243492	
180.308390	
180.462109	
180.769433	
181.068141	
181.670317	
182.139433	
182.278980	
182.884218	
183.254580	
183.386939	
183.492132	
183.649501	
183.791814	
183.822358	
184.099864	
184.405896	
184.704104	
184.871769	
184.984785	
185.156395	
185.310952	
185.615737	
185.794512	
185.917188	
186.081701	
186.232449	
186.382993	
186.522630	
186.835873	
187.129365	
187.289615	
187.440884	
187.554785	
187.585601	
187.734422	
188.037211	
188.196893	
188.344512	
188.814989	
188.912222	
189.039569	
189.252472	
189.466417	
189.510476	
189.962585	
190.013061	
190.116939	
190.139501	
190.619728	
190.687052	
190.764898	
191.371678	
192.370340	
192.404943	
192.582789	
192.885329	
193.042562	
193.190680	
193.796735	
194.099841	
194.405283	
194.705941	
194.854286	
195.008186	
195.315941	
195.391678	
195.463878	
195.613719	
195.770136	
195.914512	
196.221701	
196.831837	
197.210590	
197.434535	
198.038662	
198.644354	
199.255329	
199.552449	
199.709637	
199.856508	
200.008889	
200.161134	
200.313946	
200.462948	
201.070000	
201.376077	
201.529977	
201.678685	
201.755669	
201.828209	
201.905351	
201.980136	
202.057211	
202.132268	
202.207619	
202.281451	
202.586349	
202.661973	
202.738254	
202.815556	
202.886689	
203.036417	
203.493220	
203.951769	
204.101995	
204.253016	
204.400023	
204.704853	
205.013333	
205.172993	
205.312698	
205.465488	
205.616440	
205.694580	
205.771088	
205.845941	
205.917891	
206.223424	
206.374308	
206.526327	
206.598844	
206.677279	
206.753764	
206.828980	
206.906576	
206.980952	
207.055351	
207.129524	
207.356417	
207.430340	
207.509546	
207.586553	
207.659070	
207.733764	
207.892154	
208.042268	
208.208662	
208.343673	
208.641474	
208.899819	
208.938730	
209.100023	
209.248594	
209.548617	
209.705556	
209.860816	
210.007846	
210.084240	
210.420975	
210.709637	
210.800658	
210.876961	
